40,3
39,1
39,3
38,1
38,3
37,1
37,3
0,319
36,1
36,3
35,1
35,3
34,1
34,3
33,1
33,3
32,1
32,3
31,1
31,3
30,1
30,3
29,1
29,3
28,1
28,3
27,1
27,3
26,1
26,3
25,1
25,3
24,1
24,3
55,35
3,2
3,1
3,3
10,80
10,142
10,28
10,136
10,229
10,73
10,4
10,1
10,248
10,2
10,3
11,20
11,4
11,24
11,13
11,30
11,29
11,5
11,12
8,9
8,10
8,16
46,68
46,67
46,66
46,65
46,64
46,35
46,34
46,33
46,32
46,31
46,30
46,29
46,28
46,27
46,26
46,25
46,24
46,23
46,22
46,21
46,20
46,19
46,18
46,17
46,16
46,15
46,14
46,13
46,12
46,11
46,10
46,9
46,8
46,7
46,6
46,5
46,4
46,1
42,237
42,236
42,235
42,234
42,233
42,232
42,231
42,230
42,229
42,228
42,227
42,226
42,225
42,224
42,223
42,222
42,221
42,220
42,219
42,218
42,217
42,216
42,215
42,214
42,213
42,212
42,211
42,210
42,209
42,208
42,207
42,206
42,205
42,204
42,203
